1 5 71 14.2
2 9 106 11.7778
3 11 110 10
4 17 113 6.64706
5 26 129 4.96154
6 31 144 4.64516
7 26 113 4.34615
8 38 142 3.73684
9 66 195 2.95455
10 61 160 2.62295
11 81 201 2.48148
12 95 238 2.50526
13 94 203 2.15957
14 118 245 2.07627
15 117 270 2.30769
16 117 234 2
17 109 218 2
18 147 246 1.67347
19 156 270 1.73077
20 148 275 1.85811
21 147 264 1.79592
22 164 276 1.68293
23 187 293 1.56684
24 164 257 1.56707
25 158 254 1.60759
26 166 265 1.59639
27 208 323 1.55288
28 204 263 1.28922
29 198 281 1.41919
30 194 304 1.56701
31 215 287 1.33488
32 188 303 1.6117
33 216 324 1.5
34 246 329 1.3374
35 209 266 1.27273
36 214 307 1.43458
37 214 303 1.41589
38 221 309 1.39819
39 255 343 1.3451
40 220 303 1.37727
41 256 348 1.35938
42 225 300 1.33333
43 275 361 1.31273
44 236 329 1.39407
45 238 310 1.30252
46 238 303 1.27311
47 223 331 1.4843
48 264 351 1.32955
49 275 345 1.25455
50 277 348 1.25632
51 254 345 1.35827
52 272 352 1.29412
53 244 325 1.33197
54 268 341 1.27239
55 258 326 1.26357
56 259 314 1.21236
57 239 282 1.17992
58 238 318 1.33613
59 248 308 1.24194
60 254 301 1.18504
61 254 314 1.23622
62 267 340 1.27341
63 264 321 1.21591
64 277 341 1.23105
65 221 279 1.26244
66 262 345 1.31679
67 264 348 1.31818
68 258 357 1.38372
69 277 332 1.19856
70 304 342 1.125
71 269 344 1.27881
72 274 335 1.22263
73 286 352 1.23077
74 281 354 1.25979
75 270 332 1.22963
76 258 317 1.22868
77 271 341 1.2583
78 257 328 1.27626
79 248 320 1.29032
80 250 308 1.232
81 262 329 1.25573
82 263 335 1.27376
83 263 336 1.27757
84 277 346 1.2491
85 252 335 1.32937
86 269 342 1.27138
87 252 318 1.2619
88 274 321 1.17153
89 241 311 1.29046
90 288 347 1.20486
91 278 349 1.2554
92 264 313 1.18561
93 279 332 1.18996
94 250 295 1.18
95 268 329 1.22761
96 272 324 1.19118
97 264 335 1.26894
98 299 342 1.14381
99 245 292 1.19184
100 267 317 1.18727
