1 2 26 0 13
2 4 29 0 7.25
3 5 34 0 6.8
4 5 31 0 6.2
5 10 42 0 4.2
6 7 38 0 5.42857
7 4 36 0 9
8 15 49 0 3.26667
9 25 73 0 2.92
10 22 60 0 2.72727
11 35 76 0 2.17143
12 39 96 0 2.46154
13 28 61 0 2.17857
14 35 83 0 2.37143
15 31 95 0 3.06452
16 33 71 0 2.15152
17 40 70 0 1.75
18 47 81 0 1.7234
19 49 87 0 1.77551
20 45 91 0 2.02222
21 40 82 0 2.05
22 45 81 0 1.8
23 62 103 0 1.66129
24 52 78 0 1.5
25 54 87 0 1.61111
26 58 87 0 1.5
27 69 109 0 1.57971
28 60 89 0 1.48333
29 62 98 0 1.58065
30 70 100 0 1.42857
31 68 91 0 1.33824
32 67 104 0 1.55224
33 62 92 0 1.48387
34 69 94 0 1.36232
35 55 80 0 1.45455
36 73 108 0 1.47945
37 83 113 0 1.36145
38 79 111 0 1.40506
39 82 108 0 1.31707
40 78 117 0 1.5
41 89 125 0 1.40449
42 80 108 0 1.35
43 82 109 0 1.32927
44 80 112 0 1.4
45 73 112 0 1.53425
46 75 104 0 1.38667
47 76 101 0 1.32895
48 86 112 0 1.30233
49 85 116 0 1.36471
50 83 111 0 1.33735
51 74 98 0 1.32432
52 96 112 0 1.16667
53 75 99 0 1.32
54 79 94 0 1.18987
55 95 114 0 1.2
56 84 106 0 1.2619
57 92 101 0 1.09783
58 79 107 0 1.35443
59 74 97 0 1.31081
60 75 95 0 1.26667
61 90 113 0 1.25556
62 81 112 0 1.38272
63 85 106 0 1.24706
64 79 101 0 1.27848
65 75 92 0 1.22667
66 84 114 0 1.35714
67 80 116 0 1.45
68 87 116 0 1.33333
69 90 108 0 1.2
70 102 106 0 1.03922
71 92 110 0 1.19565
72 101 122 0 1.20792
73 101 125 0 1.23762
74 92 117 0 1.27174
75 100 116 0 1.16
76 85 102 0 1.2
77 91 125 0 1.37363
78 78 102 0 1.30769
79 82 107 0 1.30488
80 87 112 0 1.28736
81 77 105 0 1.36364
82 70 92 0 1.31429
83 76 101 0 1.32895
84 98 116 0 1.18367
85 80 108 0 1.35
86 92 124 0 1.34783
87 83 110 0 1.3253
88 87 108 0 1.24138
89 87 114 0 1.31034
90 83 102 0 1.22892
91 93 112 0 1.2043
92 88 103 0 1.17045
93 100 113 0 1.13
94 83 96 0 1.15663
95 78 97 0 1.24359
96 91 99 0 1.08791
97 88 109 0 1.23864
98 104 115 0 1.10577
99 96 94 0 0.979167
100 81 93 0 1.14815
