1 1 24 0 24
2 4 39 0 9.75
3 2 31 0 15.5
4 4 46 0 11.5
5 11 45 0 4.09091
6 11 42 0 3.81818
7 17 46 0 2.70588
8 13 55 0 4.23077
9 20 54 0 2.7
10 22 53 0 2.40909
11 24 59 0 2.45833
12 24 58 0 2.41667
13 29 66 0 2.27586
14 34 76 0 2.23529
15 45 81 0 1.8
16 39 78 0 2
17 39 80 0 2.05128
18 62 104 0 1.67742
19 45 72 0 1.6
20 44 82 0 1.86364
21 63 98 0 1.55556
22 66 112 0 1.69697
23 58 90 0 1.55172
24 57 93 0 1.63158
25 72 98 0 1.36111
26 53 77 0 1.45283
27 47 82 0 1.74468
28 66 106 0 1.60606
29 61 88 0 1.44262
30 50 87 0 1.74
31 67 101 0 1.50746
32 56 84 0 1.5
33 63 98 0 1.55556
34 57 89 0 1.5614
35 94 130 0 1.38298
36 65 98 0 1.50769
37 79 103 0 1.3038
38 82 103 0 1.2561
39 82 110 0 1.34146
40 70 95 0 1.35714
41 80 105 0 1.3125
42 80 97 0 1.2125
43 76 110 0 1.44737
44 81 115 0 1.41975
45 99 116 0 1.17172
46 73 104 0 1.42466
47 80 103 0 1.2875
48 78 94 0 1.20513
49 80 95 0 1.1875
50 81 113 0 1.39506
51 89 113 0 1.26966
52 83 109 0 1.31325
53 95 127 0 1.33684
54 86 115 0 1.33721
55 87 105 0 1.2069
56 88 114 0 1.29545
57 100 123 0 1.23
58 88 110 0 1.25
59 100 115 0 1.15
60 87 113 0 1.29885
61 82 117 0 1.42683
62 87 106 0 1.21839
63 84 111 0 1.32143
64 87 105 0 1.2069
65 85 94 0 1.10588
66 78 97 0 1.24359
67 88 101 0 1.14773
68 94 113 0 1.20213
69 99 127 0 1.28283
70 95 113 0 1.18947
71 99 125 0 1.26263
72 87 117 0 1.34483
73 104 120 0 1.15385
74 99 126 0 1.27273
75 94 114 0 1.21277
76 92 119 0 1.29348
77 97 111 0 1.14433
78 89 116 0 1.30337
79 92 111 0 1.20652
80 100 130 0 1.3
81 107 126 0 1.17757
82 95 107 0 1.12632
83 102 115 0 1.12745
84 97 104 0 1.07216
85 77 106 0 1.37662
86 94 107 0 1.1383
87 95 119 0 1.25263
88 93 115 0 1.23656
89 92 111 0 1.20652
90 75 106 0 1.41333
91 102 125 0 1.22549
92 80 110 0 1.375
93 88 95 0 1.07955
94 91 112 0 1.23077
95 91 110 0 1.20879
96 68 88 0 1.29412
97 82 115 0 1.40244
98 85 110 0 1.29412
99 79 109 0 1.37975
100 89 108 0 1.21348
