1 7568 154971 20.4771
2 7089 126477 17.8413
3 6922 105130 15.1878
4 6739 87001 12.9101
5 6445 74302 11.5286
6 6164 62117 10.0774
7 6013 52435 8.72027
8 5892 43186 7.3296
9 5861 35511 6.05886
10 5683 28954 5.09484
11 5484 24064 4.38804
12 5346 20258 3.78938
13 5285 17245 3.26301
14 5131 14935 2.91074
15 5157 13186 2.55691
16 4933 11831 2.39834
17 4891 10732 2.19423
18 4833 9811 2.03
19 4688 9017 1.92342
20 4468 8456 1.89257
21 4535 7794 1.71863
22 4533 7378 1.62762
23 4321 6859 1.58736
24 4282 6543 1.52802
25 4195 6115 1.45769
26 4114 5869 1.42659
27 4064 5638 1.3873
28 4026 5356 1.33035
29 3897 5147 1.32076
30 3889 4928 1.26716
31 3796 4705 1.23946
32 3822 4539 1.1876
33 3713 4325 1.16483
34 3699 4162 1.12517
35 3638 4002 1.10005
36 3618 3904 1.07905
37 3592 3801 1.05818
38 3562 3628 1.01853
39 3475 3540 1.01871
40 3483 3393 0.97416
41 3361 3286 0.977685
42 3381 3211 0.949719
43 3353 3133 0.934387
44 3238 3077 0.950278
45 3228 2975 0.921623
46 3244 2832 0.872996
47 3117 2780 0.891883
48 3119 2697 0.8647
49 3091 2683 0.868004
50 3028 2563 0.846433
